(kicad_pcb (version 20171130) (host pcbnew 5.1.7-a382d34a8~88~ubuntu18.04.1)

  (general
    (thickness 1.6)
    (drawings 7)
    (tracks 525)
    (zones 0)
    (modules 34)
    (nets 68)
  )

  (page A4)
  (layers
    (0 F.Cu signal)
    (31 B.Cu signal)
    (32 B.Adhes user)
    (33 F.Adhes user)
    (34 B.Paste user)
    (35 F.Paste user)
    (36 B.SilkS user)
    (37 F.SilkS user hide)
    (38 B.Mask user)
    (39 F.Mask user)
    (40 Dwgs.User user)
    (41 Cmts.User user)
    (42 Eco1.User user)
    (43 Eco2.User user)
    (44 Edge.Cuts user)
    (45 Margin user)
    (46 B.CrtYd user)
    (47 F.CrtYd user)
    (48 B.Fab user)
    (49 F.Fab user hide)
  )

  (setup
    (last_trace_width 0.25)
    (trace_clearance 0.2)
    (zone_clearance 0.508)
    (zone_45_only no)
    (trace_min 0.2)
    (via_size 0.8)
    (via_drill 0.4)
    (via_min_size 0.4)
    (via_min_drill 0.3)
    (uvia_size 0.3)
    (uvia_drill 0.1)
    (uvias_allowed no)
    (uvia_min_size 0.2)
    (uvia_min_drill 0.1)
    (edge_width 0.05)
    (segment_width 0.2)
    (pcb_text_width 0.3)
    (pcb_text_size 1.5 1.5)
    (mod_edge_width 0.12)
    (mod_text_size 1 1)
    (mod_text_width 0.15)
    (pad_size 1.524 1.524)
    (pad_drill 0.762)
    (pad_to_mask_clearance 0)
    (aux_axis_origin 0 0)
    (visible_elements FFFFFF7F)
    (pcbplotparams
      (layerselection 0x010fc_ffffffff)
      (usegerberextensions false)
      (usegerberattributes true)
      (usegerberadvancedattributes true)
      (creategerberjobfile true)
      (excludeedgelayer true)
      (linewidth 0.100000)
      (plotframeref false)
      (viasonmask false)
      (mode 1)
      (useauxorigin false)
      (hpglpennumber 1)
      (hpglpenspeed 20)
      (hpglpendiameter 15.000000)
      (psnegative false)
      (psa4output false)
      (plotreference true)
      (plotvalue true)
      (plotinvisibletext false)
      (padsonsilk false)
      (subtractmaskfromsilk false)
      (outputformat 1)
      (mirror false)
      (drillshape 1)
      (scaleselection 1)
      (outputdirectory ""))
  )

  (net 0 "")
  (net 1 GND)
  (net 2 +5V)
  (net 3 +3V3)
  (net 4 /EN)
  (net 5 /IO0)
  (net 6 "Net-(D1-Pad2)")
  (net 7 /RXD0)
  (net 8 /NC)
  (net 9 /IO21)
  (net 10 /TXD0)
  (net 11 /IO17)
  (net 12 /IO4)
  (net 13 /IO16)
  (net 14 /IO19)
  (net 15 /IO22)
  (net 16 /IO5)
  (net 17 /IO18)
  (net 18 /IO23)
  (net 19 /IO12)
  (net 20 /IO14)
  (net 21 /IO27)
  (net 22 /IO26)
  (net 23 /IO25)
  (net 24 /IO33)
  (net 25 /IO32)
  (net 26 /IO35)
  (net 27 /IO34)
  (net 28 /SENSOR_VN)
  (net 29 /SENSOR_VP)
  (net 30 /IO2)
  (net 31 /IO15)
  (net 32 /SD1)
  (net 33 /SD0)
  (net 34 /CLK)
  (net 35 /CMD)
  (net 36 /SD3)
  (net 37 /SD2)
  (net 38 /IO13)
  (net 39 VBUS)
  (net 40 /D-)
  (net 41 /D+)
  (net 42 "Net-(J1-Pad4)")
  (net 43 /RTS)
  (net 44 "Net-(Q1-Pad1)")
  (net 45 "Net-(Q2-Pad1)")
  (net 46 /DTR)
  (net 47 /RXD)
  (net 48 /TXD)
  (net 49 "Net-(R23-Pad2)")
  (net 50 "Net-(R24-Pad2)")
  (net 51 "Net-(R25-Pad1)")
  (net 52 /DCD)
  (net 53 /RI)
  (net 54 "Net-(U1-Pad10)")
  (net 55 "Net-(U1-Pad12)")
  (net 56 "Net-(U1-Pad13)")
  (net 57 "Net-(U1-Pad14)")
  (net 58 "Net-(U1-Pad15)")
  (net 59 "Net-(U1-Pad16)")
  (net 60 "Net-(U1-Pad17)")
  (net 61 "Net-(U1-Pad18)")
  (net 62 "Net-(U1-Pad19)")
  (net 63 "Net-(U1-Pad20)")
  (net 64 "Net-(U1-Pad21)")
  (net 65 "Net-(U1-Pad22)")
  (net 66 /CTS)
  (net 67 /DSR)

  (net_class Default "This is the default net class."
    (clearance 0.2)
    (trace_width 0.25)
    (via_dia 0.8)
    (via_drill 0.4)
    (uvia_dia 0.3)
    (uvia_drill 0.1)
    (add_net +3V3)
    (add_net +5V)
    (add_net /CLK)
    (add_net /CMD)
    (add_net /CTS)
    (add_net /D+)
    (add_net /D-)
    (add_net /DCD)
    (add_net /DSR)
    (add_net /DTR)
    (add_net /EN)
    (add_net /IO0)
    (add_net /IO12)
    (add_net /IO13)
    (add_net /IO14)
    (add_net /IO15)
    (add_net /IO16)
    (add_net /IO17)
    (add_net /IO18)
    (add_net /IO19)
    (add_net /IO2)
    (add_net /IO21)
    (add_net /IO22)
    (add_net /IO23)
    (add_net /IO25)
    (add_net /IO26)
    (add_net /IO27)
    (add_net /IO32)
    (add_net /IO33)
    (add_net /IO34)
    (add_net /IO35)
    (add_net /IO4)
    (add_net /IO5)
    (add_net /NC)
    (add_net /RI)
    (add_net /RTS)
    (add_net /RXD)
    (add_net /RXD0)
    (add_net /SD0)
    (add_net /SD1)
    (add_net /SD2)
    (add_net /SD3)
    (add_net /SENSOR_VN)
    (add_net /SENSOR_VP)
    (add_net /TXD)
    (add_net /TXD0)
    (add_net GND)
    (add_net "Net-(D1-Pad2)")
    (add_net "Net-(J1-Pad4)")
    (add_net "Net-(Q1-Pad1)")
    (add_net "Net-(Q2-Pad1)")
    (add_net "Net-(R23-Pad2)")
    (add_net "Net-(R24-Pad2)")
    (add_net "Net-(R25-Pad1)")
    (add_net "Net-(U1-Pad10)")
    (add_net "Net-(U1-Pad12)")
    (add_net "Net-(U1-Pad13)")
    (add_net "Net-(U1-Pad14)")
    (add_net "Net-(U1-Pad15)")
    (add_net "Net-(U1-Pad16)")
    (add_net "Net-(U1-Pad17)")
    (add_net "Net-(U1-Pad18)")
    (add_net "Net-(U1-Pad19)")
    (add_net "Net-(U1-Pad20)")
    (add_net "Net-(U1-Pad21)")
    (add_net "Net-(U1-Pad22)")
    (add_net VBUS)
  )

  (module Connector_PinHeader_2.54mm:PinHeader_1x19_P2.54mm_Vertical (layer B.Cu) (tedit 59FED5CC) (tstamp 6064D804)
    (at 151.95 75.65 180)
    (descr "Through hole straight pin header, 1x19, 2.54mm pitch, single row")
    (tags "Through hole pin header THT 1x19 2.54mm single row")
    (path /606FEA4A)
    (fp_text reference J3 (at 0 2.33) (layer B.SilkS)
      (effects (font (size 1 1) (thickness 0.15)) (justify mirror))
    )
    (fp_text value Conn_01x19_Male (at 0 -48.05) (layer B.Fab)
      (effects (font (size 1 1) (thickness 0.15)) (justify mirror))
    )
    (fp_line (start 1.8 1.8) (end -1.8 1.8) (layer B.CrtYd) (width 0.05))
    (fp_line (start 1.8 -47.5) (end 1.8 1.8) (layer B.CrtYd) (width 0.05))
    (fp_line (start -1.8 -47.5) (end 1.8 -47.5) (layer B.CrtYd) (width 0.05))
    (fp_line (start -1.8 1.8) (end -1.8 -47.5) (layer B.CrtYd) (width 0.05))
    (fp_line (start -1.33 1.33) (end 0 1.33) (layer B.SilkS) (width 0.12))
    (fp_line (start -1.33 0) (end -1.33 1.33) (layer B.SilkS) (width 0.12))
    (fp_line (start -1.33 -1.27) (end 1.33 -1.27) (layer B.SilkS) (width 0.12))
    (fp_line (start 1.33 -1.27) (end 1.33 -47.05) (layer B.SilkS) (width 0.12))
    (fp_line (start -1.33 -1.27) (end -1.33 -47.05) (layer B.SilkS) (width 0.12))
    (fp_line (start -1.33 -47.05) (end 1.33 -47.05) (layer B.SilkS) (width 0.12))
    (fp_line (start -1.27 0.635) (end -0.635 1.27) (layer B.Fab) (width 0.1))
    (fp_line (start -1.27 -46.99) (end -1.27 0.635) (layer B.Fab) (width 0.1))
    (fp_line (start 1.27 -46.99) (end -1.27 -46.99) (layer B.Fab) (width 0.1))
    (fp_line (start 1.27 1.27) (end 1.27 -46.99) (layer B.Fab) (width 0.1))
    (fp_line (start -0.635 1.27) (end 1.27 1.27) (layer B.Fab) (width 0.1))
    (fp_text user %R (at 0 -22.86 270) (layer B.Fab)
      (effects (font (size 1 1) (thickness 0.15)) (justify mirror))
    )
    (pad 1 thru_hole rect (at 0 0 180) (size 1.7 1.7) (drill 1) (layers *.Cu *.Mask)
      (net 1 GND))
    (pad 2 thru_hole oval (at 0 -2.54 180) (size 1.7 1.7) (drill 1) (layers *.Cu *.Mask)
      (net 18 /IO23))
    (pad 3 thru_hole oval (at 0 -5.08 180) (size 1.7 1.7) (drill 1) (layers *.Cu *.Mask)
      (net 15 /IO22))
    (pad 4 thru_hole oval (at 0 -7.62 180) (size 1.7 1.7) (drill 1) (layers *.Cu *.Mask)
      (net 10 /TXD0))
    (pad 5 thru_hole oval (at 0 -10.16 180) (size 1.7 1.7) (drill 1) (layers *.Cu *.Mask)
      (net 7 /RXD0))
    (pad 6 thru_hole oval (at 0 -12.7 180) (size 1.7 1.7) (drill 1) (layers *.Cu *.Mask)
      (net 9 /IO21))
    (pad 7 thru_hole oval (at 0 -15.24 180) (size 1.7 1.7) (drill 1) (layers *.Cu *.Mask)
      (net 1 GND))
    (pad 8 thru_hole oval (at 0 -17.78 180) (size 1.7 1.7) (drill 1) (layers *.Cu *.Mask)
      (net 14 /IO19))
    (pad 9 thru_hole oval (at 0 -20.32 180) (size 1.7 1.7) (drill 1) (layers *.Cu *.Mask)
      (net 17 /IO18))
    (pad 10 thru_hole oval (at 0 -22.86 180) (size 1.7 1.7) (drill 1) (layers *.Cu *.Mask)
      (net 16 /IO5))
    (pad 11 thru_hole oval (at 0 -25.4 180) (size 1.7 1.7) (drill 1) (layers *.Cu *.Mask)
      (net 11 /IO17))
    (pad 12 thru_hole oval (at 0 -27.94 180) (size 1.7 1.7) (drill 1) (layers *.Cu *.Mask)
      (net 13 /IO16))
    (pad 13 thru_hole oval (at 0 -30.48 180) (size 1.7 1.7) (drill 1) (layers *.Cu *.Mask)
      (net 12 /IO4))
    (pad 14 thru_hole oval (at 0 -33.02 180) (size 1.7 1.7) (drill 1) (layers *.Cu *.Mask)
      (net 5 /IO0))
    (pad 15 thru_hole oval (at 0 -35.56 180) (size 1.7 1.7) (drill 1) (layers *.Cu *.Mask)
      (net 30 /IO2))
    (pad 16 thru_hole oval (at 0 -38.1 180) (size 1.7 1.7) (drill 1) (layers *.Cu *.Mask)
      (net 31 /IO15))
    (pad 17 thru_hole oval (at 0 -40.64 180) (size 1.7 1.7) (drill 1) (layers *.Cu *.Mask)
      (net 32 /SD1))
    (pad 18 thru_hole oval (at 0 -43.18 180) (size 1.7 1.7) (drill 1) (layers *.Cu *.Mask)
      (net 33 /SD0))
    (pad 19 thru_hole oval (at 0 -45.72 180) (size 1.7 1.7) (drill 1) (layers *.Cu *.Mask)
      (net 34 /CLK))
    (model ${KISYS3DMOD}/Connector_PinHeader_2.54mm.3dshapes/PinHeader_1x19_P2.54mm_Vertical.wrl
      (at (xyz 0 0 0))
      (scale (xyz 1 1 1))
      (rotate (xyz 0 0 0))
    )
  )

  (module Capacitor_SMD:C_0603_1608Metric (layer F.Cu) (tedit 5F68FEEE) (tstamp 6064D65F)
    (at 143.7 97.075 270)
    (descr "Capacitor SMD 0603 (1608 Metric), square (rectangular) end terminal, IPC_7351 nominal, (Body size source: IPC-SM-782 page 76, https://www.pcb-3d.com/wordpress/wp-content/uploads/ipc-sm-782a_amendment_1_and_2.pdf), generated with kicad-footprint-generator")
    (tags capacitor)
    (path /6063BA38)
    (attr smd)
    (fp_text reference C3 (at 0 -1.43 90) (layer F.SilkS)
      (effects (font (size 1 1) (thickness 0.15)))
    )
    (fp_text value "22uF/10V(20%)" (at 0 1.43 90) (layer F.Fab)
      (effects (font (size 1 1) (thickness 0.15)))
    )
    (fp_line (start 1.48 0.73) (end -1.48 0.73) (layer F.CrtYd) (width 0.05))
    (fp_line (start 1.48 -0.73) (end 1.48 0.73) (layer F.CrtYd) (width 0.05))
    (fp_line (start -1.48 -0.73) (end 1.48 -0.73) (layer F.CrtYd) (width 0.05))
    (fp_line (start -1.48 0.73) (end -1.48 -0.73) (layer F.CrtYd) (width 0.05))
    (fp_line (start -0.14058 0.51) (end 0.14058 0.51) (layer F.SilkS) (width 0.12))
    (fp_line (start -0.14058 -0.51) (end 0.14058 -0.51) (layer F.SilkS) (width 0.12))
    (fp_line (start 0.8 0.4) (end -0.8 0.4) (layer F.Fab) (width 0.1))
    (fp_line (start 0.8 -0.4) (end 0.8 0.4) (layer F.Fab) (width 0.1))
    (fp_line (start -0.8 -0.4) (end 0.8 -0.4) (layer F.Fab) (width 0.1))
    (fp_line (start -0.8 0.4) (end -0.8 -0.4) (layer F.Fab) (width 0.1))
    (fp_text user %R (at 0 0 90) (layer F.Fab)
      (effects (font (size 0.4 0.4) (thickness 0.06)))
    )
    (pad 1 smd roundrect (at -0.775 0 270) (size 0.9 0.95) (layers F.Cu F.Paste F.Mask) (roundrect_rratio 0.25)
      (net 3 +3V3))
    (pad 2 smd roundrect (at 0.775 0 270) (size 0.9 0.95) (layers F.Cu F.Paste F.Mask) (roundrect_rratio 0.25)
      (net 1 GND))
    (model ${KISYS3DMOD}/Capacitor_SMD.3dshapes/C_0603_1608Metric.wrl
      (at (xyz 0 0 0))
      (scale (xyz 1 1 1))
      (rotate (xyz 0 0 0))
    )
  )

  (module Capacitor_SMD:C_0603_1608Metric (layer F.Cu) (tedit 5F68FEEE) (tstamp 60819A4D)
    (at 130.7 108.625 270)
    (descr "Capacitor SMD 0603 (1608 Metric), square (rectangular) end terminal, IPC_7351 nominal, (Body size source: IPC-SM-782 page 76, https://www.pcb-3d.com/wordpress/wp-content/uploads/ipc-sm-782a_amendment_1_and_2.pdf), generated with kicad-footprint-generator")
    (tags capacitor)
    (path /606474D6)
    (attr smd)
    (fp_text reference C1 (at 0 -1.43 90) (layer F.SilkS)
      (effects (font (size 1 1) (thickness 0.15)))
    )
    (fp_text value "22uF/10V(20%)" (at 0 1.43 90) (layer F.Fab)
      (effects (font (size 1 1) (thickness 0.15)))
    )
    (fp_line (start -0.8 0.4) (end -0.8 -0.4) (layer F.Fab) (width 0.1))
    (fp_line (start -0.8 -0.4) (end 0.8 -0.4) (layer F.Fab) (width 0.1))
    (fp_line (start 0.8 -0.4) (end 0.8 0.4) (layer F.Fab) (width 0.1))
    (fp_line (start 0.8 0.4) (end -0.8 0.4) (layer F.Fab) (width 0.1))
    (fp_line (start -0.14058 -0.51) (end 0.14058 -0.51) (layer F.SilkS) (width 0.12))
    (fp_line (start -0.14058 0.51) (end 0.14058 0.51) (layer F.SilkS) (width 0.12))
    (fp_line (start -1.48 0.73) (end -1.48 -0.73) (layer F.CrtYd) (width 0.05))
    (fp_line (start -1.48 -0.73) (end 1.48 -0.73) (layer F.CrtYd) (width 0.05))
    (fp_line (start 1.48 -0.73) (end 1.48 0.73) (layer F.CrtYd) (width 0.05))
    (fp_line (start 1.48 0.73) (end -1.48 0.73) (layer F.CrtYd) (width 0.05))
    (fp_text user %R (at 0 0 90) (layer F.Fab)
      (effects (font (size 0.4 0.4) (thickness 0.06)))
    )
    (pad 2 smd roundrect (at 0.775 0 270) (size 0.9 0.95) (layers F.Cu F.Paste F.Mask) (roundrect_rratio 0.25)
      (net 1 GND))
    (pad 1 smd roundrect (at -0.775 0 270) (size 0.9 0.95) (layers F.Cu F.Paste F.Mask) (roundrect_rratio 0.25)
      (net 2 +5V))
    (model ${KISYS3DMOD}/Capacitor_SMD.3dshapes/C_0603_1608Metric.wrl
      (at (xyz 0 0 0))
      (scale (xyz 1 1 1))
      (rotate (xyz 0 0 0))
    )
  )

  (module Capacitor_SMD:C_0402_1005Metric (layer F.Cu) (tedit 5F68FEEE) (tstamp 6064D670)
    (at 131.4 96.23 90)
    (descr "Capacitor SMD 0402 (1005 Metric), square (rectangular) end terminal, IPC_7351 nominal, (Body size source: IPC-SM-782 page 76, https://www.pcb-3d.com/wordpress/wp-content/uploads/ipc-sm-782a_amendment_1_and_2.pdf), generated with kicad-footprint-generator")
    (tags capacitor)
    (path /60616068)
    (attr smd)
    (fp_text reference C9 (at 0 -1.16 90) (layer F.SilkS)
      (effects (font (size 1 1) (thickness 0.15)))
    )
    (fp_text value "0.1uF/50V(10%)" (at 0 1.16 90) (layer F.Fab)
      (effects (font (size 1 1) (thickness 0.15)))
    )
    (fp_line (start 0.91 0.46) (end -0.91 0.46) (layer F.CrtYd) (width 0.05))
    (fp_line (start 0.91 -0.46) (end 0.91 0.46) (layer F.CrtYd) (width 0.05))
    (fp_line (start -0.91 -0.46) (end 0.91 -0.46) (layer F.CrtYd) (width 0.05))
    (fp_line (start -0.91 0.46) (end -0.91 -0.46) (layer F.CrtYd) (width 0.05))
    (fp_line (start -0.107836 0.36) (end 0.107836 0.36) (layer F.SilkS) (width 0.12))
    (fp_line (start -0.107836 -0.36) (end 0.107836 -0.36) (layer F.SilkS) (width 0.12))
    (fp_line (start 0.5 0.25) (end -0.5 0.25) (layer F.Fab) (width 0.1))
    (fp_line (start 0.5 -0.25) (end 0.5 0.25) (layer F.Fab) (width 0.1))
    (fp_line (start -0.5 -0.25) (end 0.5 -0.25) (layer F.Fab) (width 0.1))
    (fp_line (start -0.5 0.25) (end -0.5 -0.25) (layer F.Fab) (width 0.1))
    (fp_text user %R (at 0 0 90) (layer F.Fab)
      (effects (font (size 0.25 0.25) (thickness 0.04)))
    )
    (pad 1 smd roundrect (at -0.48 0 90) (size 0.56 0.62) (layers F.Cu F.Paste F.Mask) (roundrect_rratio 0.25)
      (net 4 /EN))
    (pad 2 smd roundrect (at 0.48 0 90) (size 0.56 0.62) (layers F.Cu F.Paste F.Mask) (roundrect_rratio 0.25)
      (net 1 GND))
    (model ${KISYS3DMOD}/Capacitor_SMD.3dshapes/C_0402_1005Metric.wrl
      (at (xyz 0 0 0))
      (scale (xyz 1 1 1))
      (rotate (xyz 0 0 0))
    )
  )

  (module Capacitor_SMD:C_0402_1005Metric (layer F.Cu) (tedit 5F68FEEE) (tstamp 6064D681)
    (at 129.81 96.29 180)
    (descr "Capacitor SMD 0402 (1005 Metric), square (rectangular) end terminal, IPC_7351 nominal, (Body size source: IPC-SM-782 page 76, https://www.pcb-3d.com/wordpress/wp-content/uploads/ipc-sm-782a_amendment_1_and_2.pdf), generated with kicad-footprint-generator")
    (tags capacitor)
    (path /6069F340)
    (attr smd)
    (fp_text reference C14 (at 0 -1.16) (layer F.SilkS)
      (effects (font (size 1 1) (thickness 0.15)))
    )
    (fp_text value "0.1uF/50V(10%)" (at 0 1.16) (layer F.Fab)
      (effects (font (size 1 1) (thickness 0.15)))
    )
    (fp_line (start 0.91 0.46) (end -0.91 0.46) (layer F.CrtYd) (width 0.05))
    (fp_line (start 0.91 -0.46) (end 0.91 0.46) (layer F.CrtYd) (width 0.05))
    (fp_line (start -0.91 -0.46) (end 0.91 -0.46) (layer F.CrtYd) (width 0.05))
    (fp_line (start -0.91 0.46) (end -0.91 -0.46) (layer F.CrtYd) (width 0.05))
    (fp_line (start -0.107836 0.36) (end 0.107836 0.36) (layer F.SilkS) (width 0.12))
    (fp_line (start -0.107836 -0.36) (end 0.107836 -0.36) (layer F.SilkS) (width 0.12))
    (fp_line (start 0.5 0.25) (end -0.5 0.25) (layer F.Fab) (width 0.1))
    (fp_line (start 0.5 -0.25) (end 0.5 0.25) (layer F.Fab) (width 0.1))
    (fp_line (start -0.5 -0.25) (end 0.5 -0.25) (layer F.Fab) (width 0.1))
    (fp_line (start -0.5 0.25) (end -0.5 -0.25) (layer F.Fab) (width 0.1))
    (fp_text user %R (at 0 0) (layer F.Fab)
      (effects (font (size 0.25 0.25) (thickness 0.04)))
    )
    (pad 1 smd roundrect (at -0.48 0 180) (size 0.56 0.62) (layers F.Cu F.Paste F.Mask) (roundrect_rratio 0.25)
      (net 1 GND))
    (pad 2 smd roundrect (at 0.48 0 180) (size 0.56 0.62) (layers F.Cu F.Paste F.Mask) (roundrect_rratio 0.25)
      (net 4 /EN))
    (model ${KISYS3DMOD}/Capacitor_SMD.3dshapes/C_0402_1005Metric.wrl
      (at (xyz 0 0 0))
      (scale (xyz 1 1 1))
      (rotate (xyz 0 0 0))
    )
  )

  (module Capacitor_SMD:C_0603_1608Metric (layer F.Cu) (tedit 5F68FEEE) (tstamp 608144E8)
    (at 146.55 97.35 90)
    (descr "Capacitor SMD 0603 (1608 Metric), square (rectangular) end terminal, IPC_7351 nominal, (Body size source: IPC-SM-782 page 76, https://www.pcb-3d.com/wordpress/wp-content/uploads/ipc-sm-782a_amendment_1_and_2.pdf), generated with kicad-footprint-generator")
    (tags capacitor)
    (path /6069C8D4)
    (attr smd)
    (fp_text reference C15 (at 0 -1.43 90) (layer F.SilkS)
      (effects (font (size 1 1) (thickness 0.15)))
    )
    (fp_text value "0.1uF/50V(10%)(NC)" (at 0 1.43 90) (layer F.Fab)
      (effects (font (size 1 1) (thickness 0.15)))
    )
    (fp_line (start -0.8 0.4) (end -0.8 -0.4) (layer F.Fab) (width 0.1))
    (fp_line (start -0.8 -0.4) (end 0.8 -0.4) (layer F.Fab) (width 0.1))
    (fp_line (start 0.8 -0.4) (end 0.8 0.4) (layer F.Fab) (width 0.1))
    (fp_line (start 0.8 0.4) (end -0.8 0.4) (layer F.Fab) (width 0.1))
    (fp_line (start -0.14058 -0.51) (end 0.14058 -0.51) (layer F.SilkS) (width 0.12))
    (fp_line (start -0.14058 0.51) (end 0.14058 0.51) (layer F.SilkS) (width 0.12))
    (fp_line (start -1.48 0.73) (end -1.48 -0.73) (layer F.CrtYd) (width 0.05))
    (fp_line (start -1.48 -0.73) (end 1.48 -0.73) (layer F.CrtYd) (width 0.05))
    (fp_line (start 1.48 -0.73) (end 1.48 0.73) (layer F.CrtYd) (width 0.05))
    (fp_line (start 1.48 0.73) (end -1.48 0.73) (layer F.CrtYd) (width 0.05))
    (fp_text user %R (at 0 0 90) (layer F.Fab)
      (effects (font (size 0.4 0.4) (thickness 0.06)))
    )
    (pad 2 smd roundrect (at 0.775 0 90) (size 0.9 0.95) (layers F.Cu F.Paste F.Mask) (roundrect_rratio 0.25)
      (net 5 /IO0))
    (pad 1 smd roundrect (at -0.775 0 90) (size 0.9 0.95) (layers F.Cu F.Paste F.Mask) (roundrect_rratio 0.25)
      (net 1 GND))
    (model ${KISYS3DMOD}/Capacitor_SMD.3dshapes/C_0603_1608Metric.wrl
      (at (xyz 0 0 0))
      (scale (xyz 1 1 1))
      (rotate (xyz 0 0 0))
    )
  )

  (module Capacitor_SMD:C_0402_1005Metric (layer F.Cu) (tedit 5F68FEEE) (tstamp 60819316)
    (at 138.3 98.18 90)
    (descr "Capacitor SMD 0402 (1005 Metric), square (rectangular) end terminal, IPC_7351 nominal, (Body size source: IPC-SM-782 page 76, https://www.pcb-3d.com/wordpress/wp-content/uploads/ipc-sm-782a_amendment_1_and_2.pdf), generated with kicad-footprint-generator")
    (tags capacitor)
    (path /6068A054)
    (attr smd)
    (fp_text reference C19 (at 0 -1.16 90) (layer F.SilkS)
      (effects (font (size 1 1) (thickness 0.15)))
    )
    (fp_text value "0.1uF/50V(10%)" (at 0 1.16 90) (layer F.Fab)
      (effects (font (size 1 1) (thickness 0.15)))
    )
    (fp_line (start -0.5 0.25) (end -0.5 -0.25) (layer F.Fab) (width 0.1))
    (fp_line (start -0.5 -0.25) (end 0.5 -0.25) (layer F.Fab) (width 0.1))
    (fp_line (start 0.5 -0.25) (end 0.5 0.25) (layer F.Fab) (width 0.1))
    (fp_line (start 0.5 0.25) (end -0.5 0.25) (layer F.Fab) (width 0.1))
    (fp_line (start -0.107836 -0.36) (end 0.107836 -0.36) (layer F.SilkS) (width 0.12))
    (fp_line (start -0.107836 0.36) (end 0.107836 0.36) (layer F.SilkS) (width 0.12))
    (fp_line (start -0.91 0.46) (end -0.91 -0.46) (layer F.CrtYd) (width 0.05))
    (fp_line (start -0.91 -0.46) (end 0.91 -0.46) (layer F.CrtYd) (width 0.05))
    (fp_line (start 0.91 -0.46) (end 0.91 0.46) (layer F.CrtYd) (width 0.05))
    (fp_line (start 0.91 0.46) (end -0.91 0.46) (layer F.CrtYd) (width 0.05))
    (fp_text user %R (at 0 0 90) (layer F.Fab)
      (effects (font (size 0.25 0.25) (thickness 0.04)))
    )
    (pad 2 smd roundrect (at 0.48 0 90) (size 0.56 0.62) (layers F.Cu F.Paste F.Mask) (roundrect_rratio 0.25)
      (net 1 GND))
    (pad 1 smd roundrect (at -0.48 0 90) (size 0.56 0.62) (layers F.Cu F.Paste F.Mask) (roundrect_rratio 0.25)
      (net 3 +3V3))
    (model ${KISYS3DMOD}/Capacitor_SMD.3dshapes/C_0402_1005Metric.wrl
      (at (xyz 0 0 0))
      (scale (xyz 1 1 1))
      (rotate (xyz 0 0 0))
    )
  )

  (module Capacitor_SMD:C_0402_1005Metric (layer F.Cu) (tedit 5F68FEEE) (tstamp 6064D6B4)
    (at 134.31 98.16 270)
    (descr "Capacitor SMD 0402 (1005 Metric), square (rectangular) end terminal, IPC_7351 nominal, (Body size source: IPC-SM-782 page 76, https://www.pcb-3d.com/wordpress/wp-content/uploads/ipc-sm-782a_amendment_1_and_2.pdf), generated with kicad-footprint-generator")
    (tags capacitor)
    (path /6068DC31)
    (attr smd)
    (fp_text reference C20 (at 0 -1.16 90) (layer F.SilkS)
      (effects (font (size 1 1) (thickness 0.15)))
    )
    (fp_text value "4.7uF/6.3V(10%)" (at 0 1.16 90) (layer F.Fab)
      (effects (font (size 1 1) (thickness 0.15)))
    )
    (fp_line (start 0.91 0.46) (end -0.91 0.46) (layer F.CrtYd) (width 0.05))
    (fp_line (start 0.91 -0.46) (end 0.91 0.46) (layer F.CrtYd) (width 0.05))
    (fp_line (start -0.91 -0.46) (end 0.91 -0.46) (layer F.CrtYd) (width 0.05))
    (fp_line (start -0.91 0.46) (end -0.91 -0.46) (layer F.CrtYd) (width 0.05))
    (fp_line (start -0.107836 0.36) (end 0.107836 0.36) (layer F.SilkS) (width 0.12))
    (fp_line (start -0.107836 -0.36) (end 0.107836 -0.36) (layer F.SilkS) (width 0.12))
    (fp_line (start 0.5 0.25) (end -0.5 0.25) (layer F.Fab) (width 0.1))
    (fp_line (start 0.5 -0.25) (end 0.5 0.25) (layer F.Fab) (width 0.1))
    (fp_line (start -0.5 -0.25) (end 0.5 -0.25) (layer F.Fab) (width 0.1))
    (fp_line (start -0.5 0.25) (end -0.5 -0.25) (layer F.Fab) (width 0.1))
    (fp_text user %R (at 0 0 90) (layer F.Fab)
      (effects (font (size 0.25 0.25) (thickness 0.04)))
    )
    (pad 1 smd roundrect (at -0.48 0 270) (size 0.56 0.62) (layers F.Cu F.Paste F.Mask) (roundrect_rratio 0.25)
      (net 3 +3V3))
    (pad 2 smd roundrect (at 0.48 0 270) (size 0.56 0.62) (layers F.Cu F.Paste F.Mask) (roundrect_rratio 0.25)
      (net 1 GND))
    (model ${KISYS3DMOD}/Capacitor_SMD.3dshapes/C_0402_1005Metric.wrl
      (at (xyz 0 0 0))
      (scale (xyz 1 1 1))
      (rotate (xyz 0 0 0))
    )
  )

  (module Capacitor_SMD:C_0603_1608Metric (layer F.Cu) (tedit 5F68FEEE) (tstamp 6064D6C5)
    (at 140.75 96.975 270)
    (descr "Capacitor SMD 0603 (1608 Metric), square (rectangular) end terminal, IPC_7351 nominal, (Body size source: IPC-SM-782 page 76, https://www.pcb-3d.com/wordpress/wp-content/uploads/ipc-sm-782a_amendment_1_and_2.pdf), generated with kicad-footprint-generator")
    (tags capacitor)
    (path /6060D25C)
    (attr smd)
    (fp_text reference C21 (at 0 -1.43 90) (layer F.SilkS)
      (effects (font (size 1 1) (thickness 0.15)))
    )
    (fp_text value "22uF/10V(20%)" (at 0 1.43 90) (layer F.Fab)
      (effects (font (size 1 1) (thickness 0.15)))
    )
    (fp_line (start 1.48 0.73) (end -1.48 0.73) (layer F.CrtYd) (width 0.05))
    (fp_line (start 1.48 -0.73) (end 1.48 0.73) (layer F.CrtYd) (width 0.05))
    (fp_line (start -1.48 -0.73) (end 1.48 -0.73) (layer F.CrtYd) (width 0.05))
    (fp_line (start -1.48 0.73) (end -1.48 -0.73) (layer F.CrtYd) (width 0.05))
    (fp_line (start -0.14058 0.51) (end 0.14058 0.51) (layer F.SilkS) (width 0.12))
    (fp_line (start -0.14058 -0.51) (end 0.14058 -0.51) (layer F.SilkS) (width 0.12))
    (fp_line (start 0.8 0.4) (end -0.8 0.4) (layer F.Fab) (width 0.1))
    (fp_line (start 0.8 -0.4) (end 0.8 0.4) (layer F.Fab) (width 0.1))
    (fp_line (start -0.8 -0.4) (end 0.8 -0.4) (layer F.Fab) (width 0.1))
    (fp_line (start -0.8 0.4) (end -0.8 -0.4) (layer F.Fab) (width 0.1))
    (fp_text user %R (at 0 0 90) (layer F.Fab)
      (effects (font (size 0.4 0.4) (thickness 0.06)))
    )
    (pad 1 smd roundrect (at -0.775 0 270) (size 0.9 0.95) (layers F.Cu F.Paste F.Mask) (roundrect_rratio 0.25)
      (net 3 +3V3))
    (pad 2 smd roundrect (at 0.775 0 270) (size 0.9 0.95) (layers F.Cu F.Paste F.Mask) (roundrect_rratio 0.25)
      (net 1 GND))
    (model ${KISYS3DMOD}/Capacitor_SMD.3dshapes/C_0603_1608Metric.wrl
      (at (xyz 0 0 0))
      (scale (xyz 1 1 1))
      (rotate (xyz 0 0 0))
    )
  )

  (module Capacitor_SMD:C_0402_1005Metric (layer F.Cu) (tedit 5F68FEEE) (tstamp 608145BD)
    (at 136.25 98.23 270)
    (descr "Capacitor SMD 0402 (1005 Metric), square (rectangular) end terminal, IPC_7351 nominal, (Body size source: IPC-SM-782 page 76, https://www.pcb-3d.com/wordpress/wp-content/uploads/ipc-sm-782a_amendment_1_and_2.pdf), generated with kicad-footprint-generator")
    (tags capacitor)
    (path /6060E92C)
    (attr smd)
    (fp_text reference C22 (at 0 -1.16 90) (layer F.SilkS)
      (effects (font (size 1 1) (thickness 0.15)))
    )
    (fp_text value "0.1uF/50V(10%)" (at 0 1.16 90) (layer F.Fab)
      (effects (font (size 1 1) (thickness 0.15)))
    )
    (fp_line (start -0.5 0.25) (end -0.5 -0.25) (layer F.Fab) (width 0.1))
    (fp_line (start -0.5 -0.25) (end 0.5 -0.25) (layer F.Fab) (width 0.1))
    (fp_line (start 0.5 -0.25) (end 0.5 0.25) (layer F.Fab) (width 0.1))
    (fp_line (start 0.5 0.25) (end -0.5 0.25) (layer F.Fab) (width 0.1))
    (fp_line (start -0.107836 -0.36) (end 0.107836 -0.36) (layer F.SilkS) (width 0.12))
    (fp_line (start -0.107836 0.36) (end 0.107836 0.36) (layer F.SilkS) (width 0.12))
    (fp_line (start -0.91 0.46) (end -0.91 -0.46) (layer F.CrtYd) (width 0.05))
    (fp_line (start -0.91 -0.46) (end 0.91 -0.46) (layer F.CrtYd) (width 0.05))
    (fp_line (start 0.91 -0.46) (end 0.91 0.46) (layer F.CrtYd) (width 0.05))
    (fp_line (start 0.91 0.46) (end -0.91 0.46) (layer F.CrtYd) (width 0.05))
    (fp_text user %R (at 0 0 90) (layer F.Fab)
      (effects (font (size 0.25 0.25) (thickness 0.04)))
    )
    (pad 2 smd roundrect (at 0.48 0 270) (size 0.56 0.62) (layers F.Cu F.Paste F.Mask) (roundrect_rratio 0.25)
      (net 1 GND))
    (pad 1 smd roundrect (at -0.48 0 270) (size 0.56 0.62) (layers F.Cu F.Paste F.Mask) (roundrect_rratio 0.25)
      (net 3 +3V3))
    (model ${KISYS3DMOD}/Capacitor_SMD.3dshapes/C_0402_1005Metric.wrl
      (at (xyz 0 0 0))
      (scale (xyz 1 1 1))
      (rotate (xyz 0 0 0))
    )
  )

  (module LED_SMD:LED_0603_1608Metric (layer F.Cu) (tedit 5F68FEF1) (tstamp 60814966)
    (at 134.85 108.65 90)
    (descr "LED SMD 0603 (1608 Metric), square (rectangular) end terminal, IPC_7351 nominal, (Body size source: http://www.tortai-tech.com/upload/download/2011102023233369053.pdf), generated with kicad-footprint-generator")
    (tags LED)
    (path /60649CE7)
    (attr smd)
    (fp_text reference D1 (at 0 -1.43 90) (layer F.SilkS)
      (effects (font (size 1 1) (thickness 0.15)))
    )
    (fp_text value "RED LED" (at 0 1.43 90) (layer F.Fab)
      (effects (font (size 1 1) (thickness 0.15)))
    )
    (fp_line (start 1.48 0.73) (end -1.48 0.73) (layer F.CrtYd) (width 0.05))
    (fp_line (start 1.48 -0.73) (end 1.48 0.73) (layer F.CrtYd) (width 0.05))
    (fp_line (start -1.48 -0.73) (end 1.48 -0.73) (layer F.CrtYd) (width 0.05))
    (fp_line (start -1.48 0.73) (end -1.48 -0.73) (layer F.CrtYd) (width 0.05))
    (fp_line (start -1.485 0.735) (end 0.8 0.735) (layer F.SilkS) (width 0.12))
    (fp_line (start -1.485 -0.735) (end -1.485 0.735) (layer F.SilkS) (width 0.12))
    (fp_line (start 0.8 -0.735) (end -1.485 -0.735) (layer F.SilkS) (width 0.12))
    (fp_line (start 0.8 0.4) (end 0.8 -0.4) (layer F.Fab) (width 0.1))
    (fp_line (start -0.8 0.4) (end 0.8 0.4) (layer F.Fab) (width 0.1))
    (fp_line (start -0.8 -0.1) (end -0.8 0.4) (layer F.Fab) (width 0.1))
    (fp_line (start -0.5 -0.4) (end -0.8 -0.1) (layer F.Fab) (width 0.1))
    (fp_line (start 0.8 -0.4) (end -0.5 -0.4) (layer F.Fab) (width 0.1))
    (fp_text user %R (at 0 0 90) (layer F.Fab)
      (effects (font (size 0.4 0.4) (thickness 0.06)))
    )
    (pad 1 smd roundrect (at -0.7875 0 90) (size 0.875 0.95) (layers F.Cu F.Paste F.Mask) (roundrect_rratio 0.25)
      (net 1 GND))
    (pad 2 smd roundrect (at 0.7875 0 90) (size 0.875 0.95) (layers F.Cu F.Paste F.Mask) (roundrect_rratio 0.25)
      (net 6 "Net-(D1-Pad2)"))
    (model ${KISYS3DMOD}/LED_SMD.3dshapes/LED_0603_1608Metric.wrl
      (at (xyz 0 0 0))
      (scale (xyz 1 1 1))
      (rotate (xyz 0 0 0))
    )
  )

  (module esp32_dev_board:esp32_wroom_32e (layer F.Cu) (tedit 60640CF5) (tstamp 6064F2B1)
    (at 139.25 84.35)
    (path /605D405F)
    (fp_text reference D2 (at 11.6 -14.6) (layer F.SilkS)
      (effects (font (size 1 1) (thickness 0.15)))
    )
    (fp_text value ESP32-WROOM-32D (at 0.93 11.68) (layer F.Fab)
      (effects (font (size 1 1) (thickness 0.15)))
    )
    (fp_line (start -7.56 -15.18) (end -9.53 -15.18) (layer F.CrtYd) (width 0.12))
    (fp_line (start -9.53 -9.16) (end -9.53 -15.18) (layer F.CrtYd) (width 0.12))
    (fp_line (start 10.44 -15.18) (end -7.56 -15.18) (layer F.CrtYd) (width 0.12))
    (fp_line (start 10.44 -8.99) (end 10.44 -15.18) (layer F.CrtYd) (width 0.12))
    (fp_line (start -9.03 -9.5) (end -7.79 -9.5) (layer F.SilkS) (width 0.12))
    (fp_line (start -9.03 -9.07) (end -9.03 -9.5) (layer F.SilkS) (width 0.12))
    (fp_line (start -8.54 9.62) (end -5.79 9.62) (layer F.SilkS) (width 0.12))
    (fp_line (start 6.75 9.62) (end 9.46 9.62) (layer F.SilkS) (width 0.12))
    (fp_line (start 9.46 9.62) (end 9.46 8.69) (layer F.SilkS) (width 0.12))
    (fp_line (start -9.53 -9.05) (end -9.53 -9.16) (layer F.CrtYd) (width 0.12))
    (fp_line (start -8.54 9.62) (end -8.54 8.67) (layer F.SilkS) (width 0.12))
    (fp_line (start 9.46 -8.99) (end 9.46 -8.65) (layer F.Fab) (width 0.12))
    (fp_line (start 9.46 -8.65) (end 9.46 9.62) (layer F.Fab) (width 0.12))
    (fp_line (start 9.46 9.62) (end -8.54 9.62) (layer F.Fab) (width 0.12))
    (fp_line (start -8.54 9.62) (end -8.54 -8.99) (layer F.Fab) (width 0.12))
    (fp_line (start -8.54 -8.99) (end 9.45 -8.99) (layer F.Fab) (width 0.12))
    (fp_line (start -9.53 -8.73) (end -9.53 -9) (layer F.CrtYd) (width 0.12))
    (fp_line (start -9.53 -8.73) (end -9.53 10.62) (layer F.CrtYd) (width 0.12))
    (fp_line (start -5.38 10.62) (end -9.53 10.62) (layer F.CrtYd) (width 0.12))
    (fp_line (start -5.38 10.62) (end 10.44 10.62) (layer F.CrtYd) (width 0.12))
    (fp_line (start 10.44 8.18) (end 10.44 10.62) (layer F.CrtYd) (width 0.12))
    (fp_line (start 10.44 8.18) (end 10.44 -9.64) (layer F.CrtYd) (width 0.12))
    (fp_line (start -9.53 -9.06) (end -9.53 -8.93) (layer F.CrtYd) (width 0.12))
    (fp_line (start -9.03 -9.07) (end -9.74 -9.07) (layer F.SilkS) (width 0.12))
    (fp_line (start -9.74 -9.07) (end -9.74 -15.38) (layer F.SilkS) (width 0.12))
    (fp_line (start -9.74 -15.38) (end 10.5 -15.38) (layer F.SilkS) (width 0.12))
    (fp_line (start 10.5 -15.38) (end 10.65 -15.38) (layer F.SilkS) (width 0.12))
    (fp_line (start 10.65 -15.38) (end 10.65 -9) (layer F.SilkS) (width 0.12))
    (fp_line (start 10.65 -9) (end 10.01 -9) (layer F.SilkS) (width 0.12))
    (fp_circle (center -9.83 -8.71) (end -9.75 -8.7) (layer F.SilkS) (width 0.12))
    (pad 34 smd rect (at 9.45 -3.31) (size 1.5 0.9) (layers F.Cu F.Paste F.Mask)
      (net 7 /RXD0))
    (pad 32 smd rect (at 9.44 -0.77) (size 1.5 0.9) (layers F.Cu F.Paste F.Mask)
      (net 8 /NC))
    (pad 33 smd rect (at 9.45 -2.05) (size 1.5 0.9) (layers F.Cu F.Paste F.Mask)
      (net 9 /IO21))
    (pad 35 smd rect (at 9.46 -4.58) (size 1.5 0.9) (layers F.Cu F.Paste F.Mask)
      (net 10 /TXD0))
    (pad 28 smd rect (at 9.44 4.3) (size 1.5 0.9) (layers F.Cu F.Paste F.Mask)
      (net 11 /IO17))
    (pad 25 smd rect (at 9.44 8.12) (size 1.5 0.9) (layers F.Cu F.Paste F.Mask)
      (net 5 /IO0))
    (pad 38 smd rect (at 9.46 -8.39) (size 1.5 0.9) (layers F.Cu F.Paste F.Mask)
      (net 1 GND))
    (pad 26 smd rect (at 9.44 6.85) (size 1.5 0.9) (layers F.Cu F.Paste F.Mask)
      (net 12 /IO4))
    (pad 27 smd rect (at 9.44 5.58) (size 1.5 0.9) (layers F.Cu F.Paste F.Mask)
      (net 13 /IO16))
    (pad 31 smd rect (at 9.44 0.5) (size 1.5 0.9) (layers F.Cu F.Paste F.Mask)
      (net 14 /IO19))
    (pad 36 smd rect (at 9.46 -5.86) (size 1.5 0.9) (layers F.Cu F.Paste F.Mask)
      (net 15 /IO22))
    (pad 29 smd rect (at 9.44 3.04) (size 1.5 0.9) (layers F.Cu F.Paste F.Mask)
      (net 16 /IO5))
    (pad 30 smd rect (at 9.44 1.76) (size 1.5 0.9) (layers F.Cu F.Paste F.Mask)
      (net 17 /IO18))
    (pad 37 smd rect (at 9.46 -7.11) (size 1.5 0.9) (layers F.Cu F.Paste F.Mask)
      (net 18 /IO23))
    (pad 14 smd rect (at -8.55 8.14) (size 1.5 0.9) (layers F.Cu F.Paste F.Mask)
      (net 19 /IO12))
    (pad 13 smd rect (at -8.55 6.88) (size 1.5 0.9) (layers F.Cu F.Paste F.Mask)
      (net 20 /IO14))
    (pad 12 smd rect (at -8.55 5.61) (size 1.5 0.9) (layers F.Cu F.Paste F.Mask)
      (net 21 /IO27))
    (pad 11 smd rect (at -8.55 4.33) (size 1.5 0.9) (layers F.Cu F.Paste F.Mask)
      (net 22 /IO26))
    (pad 10 smd rect (at -8.55 3.07) (size 1.5 0.9) (layers F.Cu F.Paste F.Mask)
      (net 23 /IO25))
    (pad 9 smd rect (at -8.55 1.79) (size 1.5 0.9) (layers F.Cu F.Paste F.Mask)
      (net 24 /IO33))
    (pad 8 smd rect (at -8.55 0.53) (size 1.5 0.9) (layers F.Cu F.Paste F.Mask)
      (net 25 /IO32))
    (pad 7 smd rect (at -8.55 -0.74) (size 1.5 0.9) (layers F.Cu F.Paste F.Mask)
      (net 26 /IO35))
    (pad 6 smd rect (at -8.54 -2.02) (size 1.5 0.9) (layers F.Cu F.Paste F.Mask)
      (net 27 /IO34))
    (pad 5 smd rect (at -8.54 -3.28) (size 1.5 0.9) (layers F.Cu F.Paste F.Mask)
      (net 28 /SENSOR_VN))
    (pad 4 smd rect (at -8.53 -4.55) (size 1.5 0.9) (layers F.Cu F.Paste F.Mask)
      (net 29 /SENSOR_VP))
    (pad 3 smd rect (at -8.53 -5.83) (size 1.5 0.9) (layers F.Cu F.Paste F.Mask)
      (net 4 /EN))
    (pad 2 smd rect (at -8.53 -7.08) (size 1.5 0.9) (layers F.Cu F.Paste F.Mask)
      (net 3 +3V3))
    (pad 1 smd rect (at -8.53 -8.36) (size 1.5 0.9) (layers F.Cu F.Paste F.Mask)
      (net 1 GND))
    (pad 24 smd rect (at 6.18 9.62 90) (size 1.5 0.9) (layers F.Cu F.Paste F.Mask)
      (net 30 /IO2))
    (pad 23 smd rect (at 4.91 9.62 90) (size 1.5 0.9) (layers F.Cu F.Paste F.Mask)
      (net 31 /IO15))
    (pad 22 smd rect (at 3.64 9.62 90) (size 1.5 0.9) (layers F.Cu F.Paste F.Mask)
      (net 32 /SD1))
    (pad 21 smd rect (at 2.37 9.62 90) (size 1.5 0.9) (layers F.Cu F.Paste F.Mask)
      (net 33 /SD0))
    (pad 20 smd rect (at 1.1 9.62 90) (size 1.5 0.9) (layers F.Cu F.Paste F.Mask)
      (net 34 /CLK))
    (pad 19 smd rect (at -0.17 9.62 90) (size 1.5 0.9) (layers F.Cu F.Paste F.Mask)
      (net 35 /CMD))
    (pad 18 smd rect (at -1.44 9.62 90) (size 1.5 0.9) (layers F.Cu F.Paste F.Mask)
      (net 36 /SD3))
    (pad 17 smd rect (at -2.71 9.62 90) (size 1.5 0.9) (layers F.Cu F.Paste F.Mask)
      (net 37 /SD2))
    (pad 16 smd rect (at -3.98 9.62 90) (size 1.5 0.9) (layers F.Cu F.Paste F.Mask)
      (net 38 /IO13))
    (pad 15 smd rect (at -5.25 9.62 90) (size 1.5 0.9) (layers F.Cu F.Paste F.Mask)
      (net 1 GND))
    (pad "" smd rect (at -0.28 -1.88) (size 0.9 0.9) (drill (offset 0.45 0)) (layers F.Cu F.Paste F.Mask))
    (pad "" smd rect (at -2.18 -1.88) (size 0.9 0.9) (drill (offset -0.45 0)) (layers F.Cu F.Paste F.Mask))
    (pad "" smd rect (at -2.63 0.47) (size 0.9 0.9) (drill (offset 0 0.45)) (layers F.Cu F.Paste F.Mask))
    (pad "" smd rect (at -1.23 -0.48) (size 0.9 0.9) (layers F.Cu F.Paste F.Mask))
    (pad "" smd rect (at -2.18 -0.48) (size 0.9 0.9) (drill (offset -0.45 0)) (layers F.Cu F.Paste F.Mask))
    (pad "" smd rect (at -1.23 0.47) (size 0.9 0.9) (drill (offset 0 0.45)) (layers F.Cu F.Paste F.Mask))
    (pad "" smd rect (at -1.23 -1.43) (size 0.9 0.9) (drill (offset 0 -0.45)) (layers F.Cu F.Paste F.Mask))
    (pad "" smd rect (at -0.28 -0.48) (size 0.9 0.9) (drill (offset 0.45 0)) (layers F.Cu F.Paste F.Mask))
    (pad "" smd rect (at 0.17 0.47) (size 0.9 0.9) (drill (offset 0 0.45)) (layers F.Cu F.Paste F.Mask))
  )

  (module Diode_SMD:D_SOD-323 (layer F.Cu) (tedit 58641739) (tstamp 6064D752)
    (at 134.9 116.25 270)
    (descr SOD-323)
    (tags SOD-323)
    (path /607517D5)
    (attr smd)
    (fp_text reference D3 (at 0 -1.85 90) (layer F.SilkS)
      (effects (font (size 1 1) (thickness 0.15)))
    )
    (fp_text value BAT60A (at 0.1 1.9 90) (layer F.Fab)
      (effects (font (size 1 1) (thickness 0.15)))
    )
    (fp_line (start -1.5 -0.85) (end 1.05 -0.85) (layer F.SilkS) (width 0.12))
    (fp_line (start -1.5 0.85) (end 1.05 0.85) (layer F.SilkS) (width 0.12))
    (fp_line (start -1.6 -0.95) (end -1.6 0.95) (layer F.CrtYd) (width 0.05))
    (fp_line (start -1.6 0.95) (end 1.6 0.95) (layer F.CrtYd) (width 0.05))
    (fp_line (start 1.6 -0.95) (end 1.6 0.95) (layer F.CrtYd) (width 0.05))
    (fp_line (start -1.6 -0.95) (end 1.6 -0.95) (layer F.CrtYd) (width 0.05))
    (fp_line (start -0.9 -0.7) (end 0.9 -0.7) (layer F.Fab) (width 0.1))
    (fp_line (start 0.9 -0.7) (end 0.9 0.7) (layer F.Fab) (width 0.1))
    (fp_line (start 0.9 0.7) (end -0.9 0.7) (layer F.Fab) (width 0.1))
    (fp_line (start -0.9 0.7) (end -0.9 -0.7) (layer F.Fab) (width 0.1))
    (fp_line (start -0.3 -0.35) (end -0.3 0.35) (layer F.Fab) (width 0.1))
    (fp_line (start -0.3 0) (end -0.5 0) (layer F.Fab) (width 0.1))
    (fp_line (start -0.3 0) (end 0.2 -0.35) (layer F.Fab) (width 0.1))
    (fp_line (start 0.2 -0.35) (end 0.2 0.35) (layer F.Fab) (width 0.1))
    (fp_line (start 0.2 0.35) (end -0.3 0) (layer F.Fab) (width 0.1))
    (fp_line (start 0.2 0) (end 0.45 0) (layer F.Fab) (width 0.1))
    (fp_line (start -1.5 -0.85) (end -1.5 0.85) (layer F.SilkS) (width 0.12))
    (fp_text user %R (at 0 -1.85 90) (layer F.Fab)
      (effects (font (size 1 1) (thickness 0.15)))
    )
    (pad 1 smd rect (at -1.05 0 270) (size 0.6 0.45) (layers F.Cu F.Paste F.Mask)
      (net 2 +5V))
    (pad 2 smd rect (at 1.05 0 270) (size 0.6 0.45) (layers F.Cu F.Paste F.Mask)
      (net 39 VBUS))
    (model ${KISYS3DMOD}/Diode_SMD.3dshapes/D_SOD-323.wrl
      (at (xyz 0 0 0))
      (scale (xyz 1 1 1))
      (rotate (xyz 0 0 0))
    )
  )

  (module Diode_SMD:D_SOD-523 (layer F.Cu) (tedit 586419F0) (tstamp 6064D76A)
    (at 139.05 116.5 270)
    (descr "http://www.diodes.com/datasheets/ap02001.pdf p.144")
    (tags "Diode SOD523")
    (path /607C7FB4)
    (attr smd)
    (fp_text reference D4 (at 0 -1.3 90) (layer F.SilkS)
      (effects (font (size 1 1) (thickness 0.15)))
    )
    (fp_text value D_TVS_ALT (at 0 1.4 90) (layer F.Fab)
      (effects (font (size 1 1) (thickness 0.15)))
    )
    (fp_line (start -1.15 -0.6) (end -1.15 0.6) (layer F.SilkS) (width 0.12))
    (fp_line (start 1.25 -0.7) (end 1.25 0.7) (layer F.CrtYd) (width 0.05))
    (fp_line (start -1.25 -0.7) (end 1.25 -0.7) (layer F.CrtYd) (width 0.05))
    (fp_line (start -1.25 0.7) (end -1.25 -0.7) (layer F.CrtYd) (width 0.05))
    (fp_line (start 1.25 0.7) (end -1.25 0.7) (layer F.CrtYd) (width 0.05))
    (fp_line (start 0.1 0) (end 0.25 0) (layer F.Fab) (width 0.1))
    (fp_line (start 0.1 -0.2) (end -0.2 0) (layer F.Fab) (width 0.1))
    (fp_line (start 0.1 0.2) (end 0.1 -0.2) (layer F.Fab) (width 0.1))
